0.340525
0.349475
0.349825
0.3341
0.3341
0.334825
0.3459
0.350175
0.347325
0.33875
0.35715
0.34875
0.351425
0.354275
0.3816
0.375
0.3666
0.36465
0.38035
0.3759
0.4
0.424275
0.406775
0.4025
0.4025
0.388925
0.38375
0.375
0.3641
0.368225
0.375175
0.386075
0.3691
0.375
0.381425
0.38375
0.3941
0.400525
0.391075
0.416075
0.421075
0.423025
0.408925
0.40375
0.3866
0.3791
0.3759
0.377675
0.3875
0.371075
0.401425
0.3959
0.38965
0.411075
0.414475
0.415175
0.415525
0.411975
0.430175
0.441425
0.4359
0.452675
0.454475
0.440525
0.433925
0.4291
0.446075
0.44125
0.4466
0.439275
0.426775
0.403925
0.413025
0.383925
0.406075
0.425175
0.422675
0.39215
0.3875
0.41875
0.43375
0.420175
0.429825
0.43535
0.44035
0.4475
0.441425
0.437325
0.43625
0.445525
0.441775
0.44375
0.445
0.4334
0.430175
0.416975
0.418925
0.4191
0.422675
0.436775
0.429825
0.4241
0.44465
0.441775
0.438575
0.43035
0.44035
0.443925
0.4475
0.446425
0.45965
0.46625
0.45375
0.446075
0.438025
0.433025
0.424475
0.430725
0.4109
0.42785
0.4334
0.428225
0.423025
0.419825
0.404475
0.40125
0.435175
0.431975
0.416425
0.4275
0.457325
0.451425
0.450175
0.4466
0.441775
0.418925
0.434275
0.44965
0.43125
0.428225
0.428225
0.43215
0.416075
0.4091
0.406775
0.405725
0.395725
0.38215
0.383575
0.36535
0.35875
0.348925
0.358925
0.366775
0.359825
0.305725
0.305525
0.3009
0.3084
0.306075
0.295525
0.30465
0.316425
0.30465
0.3025
0.3134
0.33465
0.3216
0.313025
0.309275
0.326775
0.3125
0.325525
0.318925
0.2791
0.267675
0.26715
0.266425
0.2584
0.271425
0.256425
0.256075
0.268225
0.275525
0.2725
0.264275
0.258025
0.249825
0.263225
0.268425
0.273225
0.26785
0.267675
0.260525
0.2709
0.27875
0.282325
0.28535
0.2841
0.28785
0.285175
0.2809
0.277325
0.265175
0.2625
0.2625
0.2634
0.2509
0.258575
0.253225
0.256775
0.2566
0.2559
0.255175
0.2525
0.253025
0.258925
0.264275
0.268225
0.26035
0.265525
0.265175
0.261425
0.2666
0.2625
0.26285
0.258925
0.2591
0.253025
0.25535
0.250525
0.2459
0.244425
0.24285
0.252125
0.2591
0.26375
0.270725
0.26
0.251975
0.256075
0.26
0.2625
0.265725
0.262325
0.27535
0.27875
0.275725
0.28535
0.286975
0.29215
0.3016
0.301775
0.3075
0.285725
0.28285
0.270725
0.279275
0.2784
0.291075
0.284825
0.279475
0.272675
0.277325
0.291975
0.2859
0.285175
0.275175
0.280725
0.276775
0.271075
0.270725
0.267325
0.26125
0.266975
0.2634
0.27285
0.2766
0.27125
0.2641
0.265175
0.269275
0.260175
0.253575
0.2525
0.25875
0.256425
0.25715
0.251075
0.25125
0.2559
0.264275
0.266075
0.266075
0.265175
0.259825
0.26215
0.26285
0.26125
0.2609
0.257675
0.261075
0.251775
0.25035
0.24785
0.253025
0.246425
0.252325
0.26035
0.2666
0.255725
0.256425
0.261775
0.260725
0.258025
0.257675
0.252675
0.25625
0.25625
0.256975
0.25965
0.261975
0.272675
0.265175
0.26375
0.26785
0.263225
0.268225
0.258925
0.26535
0.268025
0.2616
0.26
0.261075
0.26
0.259475
0.2566
0.2541
0.253925
0.26285
0.263925
0.268025
0.26785
0.266975
0.26625
0.26785
0.2566
0.259825
0.257325
0.25875
0.260175
0.2525
0.25285
0.260725
0.258225
0.257325
0.25875
0.258025
0.2534
0.2566
0.235725
0.2425
0.2391
0.236425
0.234275
0.23465
0.24125
0.2425
0.24
0.2384
0.2475
0.251075
0.253925
0.256425
0.258025
0.287325
0.3125
0.315175
0.321425
0.326775
0.331425
0.3334
0.33125
0.334475
0.335725
0.323225
0.317675
0.31875
0.325725
0.32715
0.33715
0.326425
0.323225
0.320525
0.3116
0.3091
0.314275
0.315
0.30625
0.299825
0.306775
0.3116
0.317325
0.311075
0.32625
0.324825
0.341425
0.341775
0.34285
0.34035
0.33535
0.3409
0.344475
0.334475
0.34035
0.3409
0.3441
0.3416
0.354825
0.364275
0.355175
0.34965
0.354475
0.35535
0.350175
0.354825
0.373225
0.372475
0.368025
0.371425
0.37125
0.36625
0.38465
0.374825
0.37
0.36215
0.376425
0.370175
0.37875
0.363925
0.350525
0.3559
0.350725
0.351075
0.351775
0.36035
0.3566
0.351975
0.363225
0.36285
0.375175
0.38715
0.37285
0.3725
0.3759
0.383575
0.39625
0.40375
0.408025
0.409825
0.407675
0.401775
0.406075
0.399475
0.396075
0.40285
0.4125
0.3966
0.399275
0.395
0.408575
0.403225
0.394275
0.400525
0.380725
0.364825
0.369475
0.38035
0.37
0.37125
0.367325
0.387325
0.398025
0.41465
0.411775
0.41875
0.42285
0.434825
0.4384
0.443225
0.415175
0.40625
0.41465
0.413925
0.406425
0.410525
0.403575
0.403575
0.423575
0.423025
0.412325
0.40875
0.4134
0.4091
0.41125
0.41285
0.401775
0.391075
0.38465
0.39875
0.40035
0.383225
0.377325
0.364475
0.36465
0.36385
0.36215
0.377675
0.369275
0.37
0.3734
0.387675
0.38465
0.375525
0.377675
0.372325
0.3759
0.365175
0.363925
0.37875
0.373025
0.360175
0.359275
0.355
0.35785
0.351775
0.354475
0.35375
0.364475
0.371075
0.377675
0.38
0.3816
0.38
0.3959
0.394475
0.4034
0.41715
0.410725
0.42375
0.430725
0.43215
0.408025
0.405725
0.4059
0.40375
0.396075
0.40285
0.4109
0.411975
0.40215
0.405
0.40285
0.398575
0.3975
0.3891
0.40035
0.405525
0.404775
0.41035
0.425
0.42375
0.410725
0.413575
0.41535
0.40125
0.4
0.39625
0.399275
0.407325
0.411425
0.42715
0.428925
0.425175
0.42715
0.449275
0.4775
0.464275
0.483925
0.494275
0.484825
0.49215
0.472325
0.461075
0.467675
0.4584
0.461775
0.461775
0.4516
0.45535
0.479825
0.48285
0.4984
0.498575
0.48285
0.4841
0.491075
0.505725
0.496975
0.487675
0.4916
0.500725
0.4809
0.475725
0.523225
0.521075
0.50625
0.495175
0.495175
0.496075
0.49465
0.484475
0.481075
0.472325
0.478025
0.46035
0.465525
0.466775
0.4759
0.47465
0.47625
0.469275
0.48465
0.4875
0.485525
0.483225
0.475725
0.483225
0.472675
0.476975
0.4841
0.488225
0.507325
0.5091
0.503025
0.501075
0.501075
0.516425
0.50715
0.513925
0.532325
0.541975
0.539275
0.548925
0.53785
0.548025
0.58465
0.5859
0.587675
0.577325
0.589275
0.601775
0.5925
0.601775
0.580175
0.58035
0.581075
0.576775
0.555
0.552675
0.542675
0.538225
0.53625
0.52035
0.521775
0.528225
0.588025
0.575
0.5709
0.575
0.56465
0.565725
0.548225
0.558225
0.5791
0.57625
0.58285
0.5775
0.563925
0.55875
0.567675
0.560525
0.531775
0.541075
0.56285
0.55375
0.542325
0.550725
0.54965
0.55125
0.566775
0.5484
0.55
0.555
0.570525
0.590175
0.618925
0.6134
0.609275
0.6159
0.64035
0.636775
0.6291
0.638575
0.6491
0.6375
0.640525
0.635525
0.63375
0.628575
0.6491
0.663225
0.6734
0.67875
0.659275
0.665525
0.6659
0.670175
0.679275
0.690725
0.691975
0.690525
0.692675
0.703025
0.725725
0.7075
0.6975
0.6891
0.68375
0.709825
0.803225
0.8125
0.852675
0.846775
0.847675
0.856075
0.8466
0.8491
0.8566
0.898225
0.931975
0.935725
0.9366
0.95535
0.987675
0.972325
0.97715
0.971075
0.965175
0.977675
0.9875
0.991075
0.986425
0.980975
0.98035
0.9891
0.985175
1.095525
1.0941
1.14375
1.152675
1.22215
1.197325
1.210525
1.164475
1.119275
1.17465
1.123025
1.13
1.142675
1.1634
1.1591
1.1659
1.16535
1.189225
1.160525
1.12
1.137325
1.1384
1.143025
1.12785
1.146075
1.150725
1.15715
1.15
1.130175
1.141775
1.151775
1.152675
1.2366
1.231425
1.15285
1.168925
1.246425
1.253575
1.2616
1.24785
1.258225
1.25875
1.263575
1.2866
1.290175
1.29715
1.321075
1.373225
1.384475
1.421975
1.389475
1.40785
1.40965
1.44465
1.406075
1.399275
1.450175
1.51125
1.57875
1.609475
1.568025
1.550175
1.523025
1.575525
1.588025
1.5891
1.60215
1.589275
1.57575
1.4925
1.528925
1.526775
1.4475
1.40535
1.4225
1.438225
1.44
1.46285
1.470725
1.508925
1.534275
1.560725
1.52965
1.51965
1.51785
1.518925
1.491075
1.528575
1.488225
1.46035
1.4675
1.496075
1.511775
1.555725
1.56215
1.49715
1.523575
1.465725
1.330725
1.2625
1.27215
1.32465
1.268225
1.32785
1.26785
1.320725
1.2925
1.283925
1.269275
1.28785
1.301075
1.293225
1.326775
1.31
1.33
1.32035
1.300725
1.271775
1.218925
1.241775
1.26965
1.26285
1.28
1.341075
1.341075
1.42
1.41785
1.420725
1.455
1.448575
1.419975
1.439275
1.43
1.365725
1.354275
1.305
1.318575
1.34465
1.278925
1.28215
1.285725
1.326075
1.356425
1.368225
1.343225
1.35215
1.376775
1.388925
1.348575
1.325
1.3325
1.298925
1.31465
1.303575
1.356425
1.33535
1.343925
1.366075
1.360725
1.365725
1.36965
1.45535
1.483925
1.481775
1.5425
1.558225
1.546075
1.571425
1.56465
1.558225
1.571075
1.564275
1.523225
1.526775
1.5425
1.543575
1.52535
1.53535
1.523225
1.565
1.549275
1.571425
1.646425
1.70285
1.651775
1.683925
1.653575
1.636775
1.638225
1.633575
1.63465
1.645
1.633575
1.63715
1.663225
1.67465
1.65215
1.650725
1.74285
1.738575
1.77785
1.8325
1.835725
1.815
1.771775
1.781075
1.828925
1.88
1.89965
1.861075
1.853575
1.9
1.92285
1.908575
1.824275
1.869275
1.91465
1.944275
1.91965
1.885
1.846425
1.83215
1.798925
1.8425
1.758925
1.919275
1.928575
1.908575
1.86465
1.96215
2.005
1.98785
2.028225
2.003575
2.036775
1.978925
1.94535
2.056775
2.053575
2.141075
2.208925
2.183925
2.151075
2.139275
2.146775
2.185
2.19785
2.19465
2.224275
2.31965
2.304275
2.305725
2.32
2.375725
2.396775
2.476425
2.48785
2.43215
2.42215
2.55715
2.593925
2.565
2.64465
2.641075
2.645725
2.65465
2.67535
2.67785
2.571775
2.57785
2.53965
2.549275
2.57535
2.625
2.643575
2.61965
2.651075
2.6275
2.551775
2.5675
2.66965
2.6775
2.656425
2.725
2.716075
2.88785
2.996425
3.0104
3.056775
3.02535
2.946075
2.822675
2.717475
2.773925
2.715725
2.65
2.583225
2.5725
2.678575
2.696775
2.693575
2.575
2.565975
2.403575
2.414275
2.4575
2.31965
2.403925
2.311075
2.4159
2.47215
2.52035
2.51035
2.46715
2.54715
2.5625
2.55215
2.53535
2.446075
2.46785
2.486075
2.418575
2.338575
2.368225
2.345
2.283225
2.256775
2.345725
2.404275
2.36535
2.296775
2.309275
2.28535
2.2075
2.2025
2.148575
2.141425
2.12535
2.096775
2.226075
2.241075
2.24
2.2375
2.18465
2.40035
2.544275
2.4925
2.4525
2.428225
2.3825
2.3739
2.314675
2.365
2.34465
2.41535
2.394275
2.348225
2.363225
2.433925
2.47715
2.513925
2.485725
2.55785
2.540725
2.54035
2.5675
2.5675
2.536775
2.521425
2.433925
2.41785
2.421075
2.320725
2.330725
2.256425
2.303925
2.263575
2.25535
2.26215
2.2975
2.2696
2.186425
2.13465
2.22035
2.20215
2.14285
2.132975
2.0916
2.17
2.115725
2.035725
2.083225
2.0575
2.120725
2.055725
2.04285
2.0525
2.066425
2.12785
2.101075
2.106775
2.051075
2.000725
2.106075
2.04535
2.06965
2.035775
1.991775
1.978575
1.964275
1.9875
1.891425
1.866075
1.80965
1.87035
1.889275
1.93215
2.160725
2.168575
2.193575
2.211725
2.281075
2.264275
2.3425
2.42715
2.399275
2.434275
2.48535
2.439275
2.40035
2.313575
2.271075
2.288225
2.273225
2.283575
2.373225
2.42785
2.413925
2.42535
2.37715
2.415
2.403925
2.421775
2.45535
2.39215
2.374275
2.391425
2.423225
2.44215
2.55285
2.501075
2.6
2.59
2.589275
2.593925
2.65
2.648925
2.646425
2.638925
2.63465
2.68785
2.666075
2.60715
2.70535
2.771775
2.728925
2.75035
2.749275
2.673575
2.645725
2.69215
2.6725
2.650725
2.66535
2.636075
2.61535
2.68785
2.679275
2.69285
2.653225
2.661775
2.821075
2.85535
2.909275
2.89465
2.91715
2.93535
2.871775
2.87215
2.895725
2.82715
2.820725
2.796075
2.846775
2.87535
2.94465
2.976425
2.968575
3.0125
3.035725
3.001775
3.0575
3.066075
3.088225
3.164275
3.22535
3.2725
3.19785
3.278925
3.278575
3.273575
3.261425
3.254275
3.25965
3.208225
3.108575
3.15215
3.16965
3.076425
3.18035
3.1625
3.13285
3.0525
3.0825
3.02715
2.960725
2.935725
2.911075
2.911425
2.888225
3.03
2.99285
3.059275
3.0375
3.0525
3.306075
3.464275
3.421425
3.379275
3.46785
3.391075
3.181075
3.160725
3.09965
3.060725
3.096425
3.08035
3.049275
3.069275
3.05535
3.061775
3.026425
3.026775
2.99785
3.00535
3.076775
3.07785
2.973925
3.031425
3.025
3.046425
3.043225
3.02965
3.06785
3.185725
3.196775
3.181075
3.166075
2.9975
3.021775
3.109275
3.05035
3.08285
3.14965
3.13285
3.14285
3.141775
3.20965
3.15715
3.214275
3.198925
3.19965
3.25465
3.26715
3.3525
3.355725
3.34
3.423225
3.409275
3.33
3.348225
3.318225
3.34465
3.375
3.366775
3.381425
3.34465
3.366075
3.306775
3.2925
3.22285
3.26535
3.226775
3.228575
3.223925
3.248925
3.33965
3.33
3.405275
3.53
3.568575
3.564275
3.5525
3.58535
3.585725
3.60035
3.711425
3.75215
3.81715
3.833575
3.883575
3.905725
3.84
3.833575
3.908575
3.929275
3.999275
4.055
4.031775
3.953225
4.05785
4.083925
4.241775
4.32825
4.228575
4.333225
4.381075
4.415725
4.431025
4.446075
4.2925
4.299275
4.196425
4.241075
4.303575
4.4675
4.416425
4.341075
4.425
4.39285
4.369275
4.273225
4.353225
4.305725
4.358575
4.330725
4.541775
4.741075
4.725
4.65465
4.726775
4.728225
4.7882
4.918925
4.93215
4.961075
4.93285
5.0
5.133925
5.13215
4.8175
4.90215
5.214275
5.1375
5.051075
4.705725
4.821425
4.87465
4.708925
4.83035
4.8225
4.786075
4.513925
6.243225
6.436425
6.581775
6.50785
6.38785
6.421775
6.625
6.784025
6.939275
6.936075
6.733575
6.816425
6.851075
6.79965
6.585725
6.535
6.54
6.686075
6.92535
7.1
7.10535
7.091775
7.136775
7.074275
6.958575
6.961775
6.43035
6.344275
6.116075
6.40715
6.35785
6.1675
6.385
6.03715
5.701425
5.746075
5.76285
5.558575
4.96685
4.84285
4.643225
4.643225
4.69785
4.720725
4.834275
4.776775
4.701775
4.62
4.35715
4.33
4.481425
4.623225
4.459275
4.621425
4.55215
4.451075
4.363575
4.42215
4.340725
4.266425
4.276425
4.25535
4.391425
4.63965
4.465
4.3475
4.450725
4.446075
4.318925
4.366075
4.27465
4.548225
4.501075
4.569275
4.521775
4.526075
4.743575
4.631075
4.75965
4.983225
5.035
5.180725
5.008925
5.1075
5.125
5.34035
5.2675
5.41465
5.46715
5.5675
5.458575
5.408575
5.51965
5.255
5.27785
5.299275
5.489275
5.5175
5.751425
6.005725
5.721425
5.8175
6.033575
6.061775
6.151425
6.251775
6.2125
6.428575
6.46215
6.5975
6.666425
6.521075
6.609275
6.551775
6.72
6.784275
6.65215
6.776075
6.700725
6.55715
6.639275
6.363925
6.323225
6.47035
6.658225
6.678925
6.6675
6.741075
6.646425
6.62035
6.613925
6.76535
6.63
6.486075
6.63
6.4575
6.18785
6.156075
6.315725
6.47965
6.383925
6.460725
6.25965
6.184275
6.1875
6.33535
6.009275
6.07465
5.98
6.238575
6.006425
6.075725
6.255725
6.4125
6.223225
6.308225
6.163575
6.21
6.058575
6.171775
6.136075
5.898225
5.938925
5.786425
5.93785
5.67965
5.79
5.514275
5.61
5.71
5.676775
5.595
5.4725
5.73715
5.863925
5.841775
6.05535
6.198575
6.311775
6.403575
6.404275
6.276425
6.263925
6.1975
6.28
6.22465
6.313925
6.1625
6.201425
6.238225
6.205
6.05465
5.93535
5.96285
5.75785
5.720725
5.64
5.41715
5.41465
5.451775
5.319275
5.01285
4.995725
4.56535
4.788925
5.0325
4.68035
4.53
4.596775
4.711775
4.58
3.759275
4.059275
3.89715
3.575
3.466775
3.505
3.184275
3.206775
3.169275
3.45715
3.93785
3.71715
3.498225
3.638925
3.478575
3.515725
3.2675
3.45965
3.508225
3.44215
3.288925
3.568225
3.733925
3.965725
3.8425
3.82
3.963925
3.689275
3.539275
3.508575
3.424275
3.38465
3.218575
3.444275
3.22285
3.14785
3.211075
3.081775
2.87465
2.949275
3.31965
3.24285
3.39285
3.30965
3.176075
3.3025
3.425
3.26465
3.35715
3.561425
3.573575
3.5075
3.39285
3.50965
3.383925
3.408225
3.184275
3.193925
3.214275
3.06215
3.085
3.03715
3.06465
3.093225
3.081775
3.048225
3.241075
3.37785
3.32215
3.25035
3.310725
3.235
3.166425
3.1325
3.0475
2.97785
2.94035
2.79285
2.958225
3.155725
3.155725
3.201425
3.24035
3.364275
3.321425
3.218925
3.268225
3.320725
3.341075
3.445
3.561425
3.661075
3.493925
3.45785
3.54535
3.541425
3.376075
3.37035
3.23715
3.25715
3.10535
3.223225
3.255725
3.18535
3.18965
3.140725
3.156075
3.256075
3.17285
3.046425
2.968225
3.165275
3.31
3.441075
3.426075
3.40785
3.559275
3.625725
3.629275
3.628225
3.845
3.8036
3.803225
3.923925
3.816075
3.731775
3.754275
3.881775
4.02535
4.1425
4.23035
4.10715
4.154275
4.27035
4.293575
4.22535
4.201425
4.3375
4.40785
4.303575
4.348575
4.33965
4.478575
4.425
4.45465
4.425075
4.469275
4.493925
4.544275
4.716775
4.73965
4.73215
4.609275
4.613925
4.6275
4.443575
4.2675
4.391075
4.37215
4.523225
4.551775
4.49535
4.435
4.375
4.670725
4.751775
4.823925
4.85035
4.976775
4.981775
5.033925
5.133575
5.166775
5.1375
5.09715
5.008925
4.998225
4.891775
4.86035
4.86965
4.84215
4.85285
4.981425
4.906075
4.786075
4.865
4.995
5.08715
5.07035
5.086775
5.101075
5.000725
4.95035
4.835725
4.900725
4.87
4.94715
5.083575
5.081075
5.245725
5.268575
5.41965
5.461025
5.411075
5.59785
5.636425
5.713775
5.71785
5.714275
5.71535
5.813925
5.83535
5.943925
5.9125
5.896775
5.853925
5.911075
5.88285
5.81535
5.903925
6.015
5.956425
5.69965
5.85715
5.878575
5.94035
6.043575
6.03785
6.05
5.978925
6.051775
6.073225
6.0075
5.9035
5.899275
5.948225
6.0825
6.176075
6.11215
6.16285
6.148575
6.204275
6.255725
6.49535
6.591075
6.60785
6.57215
6.588575
6.625
6.565
6.513225
6.648275
6.620725
6.61965
6.459275
6.603575
6.643725
6.786075
6.79465
6.75965
6.8025
6.81465
6.786425
6.831775
6.805725
6.716075
6.780725
7.098575
7.318575
7.328575
7.283575
7.231425
7.048925
6.871425
7.0125
6.73215
6.761075
6.741075
6.81465
6.92965
6.940725
7.195
7.249275
7.258925
7.213925
7.301775
7.37965
7.39285
7.355725
7.161075
7.14
7.35285
7.301425
7.2925
7.163925
7.13965
7.03465
7.008225
7.01715
6.904275
6.748225
6.781075
7.064275
7.01535
6.9525
7.035
6.93465
6.96535
6.85215
6.97965
7.07965
7.155725
7.21785
7.465725
10.73215
11.01535
10.95465
11.191425
11.026075
11.242675
11.27715
11.316775
11.1125
11.3
11.3625
11.33715
11.433925
11.36465
11.46465
11.4199
11.448575
11.488225
11.438925
11.441425
11.473225
11.45035
11.5075
11.57875
11.61285
7.5575
7.46785
7.558575
7.52615
7.643225
7.656425
7.53465
7.520725
7.570725
7.503925
7.418575
7.523225
7.47965
7.35465
7.68
7.5616
7.43115
7.0625
7.252675
7.355
7.424425
7.1175
6.8594
6.95465
6.995
7.11535
6.858925
6.980725
6.93285
7.006775
6.968425
7.09535
7.156425
7.264275
7.233925
7.247425
7.2025
7.157725
7.037825
7.166275
7.214275
7.30785
7.463925
7.458925
7.476075
7.52535
7.81965
7.824275
7.965
8.03
8.053575
8.09285
7.994275
8.016075
8.004275
8.023225
7.9375
8.026775
8.155725
8.191775
8.09465
8.246425
8.29965
8.423025
8.39285
8.4275
8.5175
8.555
8.59285
8.56965
8.63535
8.653225
8.658225
8.77465
8.89
8.835725
8.823925
8.73535
9.25785
9.516775
9.6725
9.625
9.358575
9.34285
9.594275
9.32465
9.5125
9.238575
9.142325
8.79465
8.423575
9.071075
9.161425
9.36035
9.22715
9.065
9.079275
9.01285
8.869275
8.491425
8.654275
8.81285
8.75785
8.718175
9.048225
9.174275
9.31535
9.426775
9.39715
9.1416
8.96215
8.90465
8.685725
8.946775
9.053925
9.081425
9.27465
9.54465
9.70965
9.78835
9.648925
9.78035
9.6775
9.60715
9.525
9.58215
9.148925
8.983225
8.874275
8.819275
8.87965
9.238025
9.2175
9.27215
9.18875
8.992775
9.025975
8.98035
8.925
8.770725
8.996075
9.08
9.25085
9.283575
9.26
9.431425
9.32
9.218225
9.1875
9.351775
9.35465
9.39215
9.346425
9.288975
9.348225
9.26465
8.93535
8.9925
8.896425
8.844275
8.998925
9.038225
8.924275
8.915725
8.778575
8.568925
8.67465
8.581425
8.629275
8.660725
8.68215
8.94035
9.006075
9.241775
9.2075
9.39
9.39535
9.4075
9.53715
9.573575
9.650725
9.8775
9.83465
10.11535
10.13465
10.276775
10.318575
10.44
10.398725
10.245
10.263225
10.133925
10.09
9.951425
10.319275
10.328225
10.329275
10.5025
10.548575
10.66215
10.719275
10.796775
11.240725
11.35715
11.053225
11.09035
11.054275
10.981075
11.03
11.001775
10.993925
10.901425
10.749275
10.863575
11.048575
11.171425
11.366775
11.326075
11.379275
11.288575
11.358225
11.3091
11.001075
10.965525
10.771075
4.464275
4.563925
4.42965
4.28215
4.18035
4.359275
4.365
4.556075
4.7325
4.681075
4.83215
4.723225
4.529275
4.788575
4.866075
4.945725
5.148575
4.884275
4.821775
4.706075
4.8825
4.838925
4.8875
4.9
4.9575
4.943225
5.03285
5.0275
5.011075
5.148225
5.295725
5.470725
5.456075
5.51785
5.481075
5.583525
5.658925
5.64
5.58
5.766075
5.996775
5.995
5.956775
5.793925
5.97335
5.963575
6.056425
6.16965
6.196425
6.086425
6.22715
6.648575
6.64035
6.52785
6.596425
6.61035
6.678575
6.783925
6.694275
6.70965
6.649275
6.84965
6.653575
6.26665
5.906075
5.491425
6.07
5.9325
5.86785
5.9425
5.85535
6.03035
6.016425
6.126425
6.1622
11.55715
11.595725
11.623925
11.6175
11.559275
11.52
11.77035
11.831775
11.928575
11.918925
12.004275
12.230525
12.201425
12.300725
12.345725
12.445725
12.166075
12.101425
11.881425
11.668575
12.051775
12.19285
12.28035
12.2575
12.003575
12.118575
12.3225
12.29715
12.265725
12.375
12.56715
12.685725
12.791425
12.66215
12.74465
12.82785
12.853575
12.968925
12.796425
12.52
12.093225
12.236425
12.245725
12.434275
12.61465
12.47535
12.575725
12.841425
12.85715
12.691425
12.705725
12.588225
12.381075
12.571075
12.62715
12.336775
11.786075
11.951425
11.80965
12.11785
12.185725
12.113925
12.32035
12.555
12.515725
12.534275
12.451075
12.4467
12.305725
12.18535
12.103225
12.07285
12.074275
11.966425
11.814275
11.871425
12.00465
11.87215
11.695
11.851775
12.066425
12.228925
12.52485
12.607475
12.515
12.50535
12.383925
12.50465
12.36715
12.435725
12.48465
12.383925
12.380725
12.414275
12.48035
12.401075
12.3775
12.160725
11.903575
12.005
12.138225
12.161775
11.97215
11.94285
11.863925
12.02785
11.964275
12.05035
12.4225
12.33965
12.360775
12.265725
12.07285
11.858575
11.865725
11.838925
11.639275
11.664275
11.87285
11.66965
11.61285
11.43785
11.261425
11.61785
11.521775
11.82965
11.65535
11.858575
11.973575
11.93
11.988225
12.259275
12.47965
12.56285
12.75715
12.846775
12.64285
12.633925
12.786425
12.7775
13.03285
13.35
13.458925
13.81785
13.831775
14.046425
14.23215
14.4075
14.021075
13.993575
13.945725
14.16965
13.88965
14.02035
13.4775
13.343575
12.61465
13.3575
12.988925
13.346425
13.463925
13.693225
13.588575
13.58715
13.073225
12.71535
12.73
13.34285
13.435
13.34715
13.699275
13.9275
13.928225
13.743925
13.608225
13.358925
13.56215
13.711775
13.719275
13.481425
13.569275
13.736425
13.903575
14.034275
14.303575
14.701075
14.766075
14.719275
14.350725
14.439275
14.398925
14.259275
14.178925
13.948925
13.618575
13.378575
13.303575
13.508925
13.4775
13.20715
13.886075
14.296075
14.363925
14.586775
15.071425
14.99965
15.08
14.236425
14.118225
14.031075
14.491775
14.206075
14.30715
14.453225
14.4625
14.456425
14.161075
14.193225
14.39535
14.294275
14.276075
14.508225
14.11715
13.75785
13.736425
13.545
13.886775
13.741775
13.478925
13.390725
13.178925
13.446775
13.106775
12.98465
13.43285
13.328575
13.65
13.85465
13.91785
14.036075
13.9625
13.896075
13.95215
14.05785
13.994275
13.886075
13.578225
13.533575
13.60785
13.65035
14.141075
14.15875
14.233925
14.40465
14.518925
14.38
14.468575
14.464275
14.686775
14.765725
14.92965
15.085725
15.061775
15.115725
15.091075
15.04965
14.993225
15.16785
15.32535
15.276775
15.010725
15.2646
15.01465
15.95215
15.87965
15.974275
16.178925
16.30285
16.2925
16.254275
16.41715
16.57035
16.743925
17.024275
17.613225
17.62215
17.95
18.195
17.773925
17.936075
17.93285
18.3875
18.32285
18.4425
18.6575
18.77715
19.121775
19.37285
19.44535
19.470725
19.041425
18.93785
18.953225
19.356775
19.47035
19.714275
20.289275
21.056425
20.91285
20.913225
21.46785
21.641425
21.51785
21.405
21.2875
21.67785
21.945725
22.05785
21.780725
21.4125
22.093925
22.475725
22.296775
22.631425
22.7225
22.444275
22.364275
22.241775
21.61535
20.718925
21.775
21.726425
20.98
20.463575
20.41785
20.01
21.785725
21.703575
21.535725
20.856425
20.79035
20.92785
20.779275
20.1875
20.338575
20.29215
20.32785
20.375725
20.23965
19.936425
19.756075
19.502675
18.93285
18.94215
20.045725
19.891775
20.37715
20.19
20.081775
20.438225
20.68465
20.633225
20.03535
20.153225
20.101075
20.409275
20.418575
20.725725
20.398925
20.57715
20.434275
20.411775
20.50465
20.920725
20.978925
20.919325
20.631075
20.789275
20.384475
20.429475
20.51785
20.323225
20.85715
21.161425
21.4075
21.783575
21.638575
21.92465
21.721775
21.586775
21.389275
21.606075
21.67535
21.676425
21.65215
21.94
21.58215
21.56535
21.461425
20.53465
20.531425
20.898575
21.251075
21.81285
21.671775
21.706775
21.989275
22.233925
22.1755
22.13785
22.168925
22.203575
22.5
22.56035
22.52965
22.726425
23.146775
23.75535
23.430775
23.888225
23.66535
23.6865
24.131425
24.1
24.05235
23.709575
23.758575
24.106075
23.936775
24.1525
24.301425
23.669275
23.5925
23.921075
24.39215
24.688575
24.992175
25.068225
25.075
24.953575
25.0034
24.671075
24.055
23.756425
24.33285
23.825175
23.54965
23.618225
23.98035
23.814275
23.306775
22.791775
22.708925
22.88965
22.43215
22.489775
22.67
23.206875
23.021925
22.594275
21.78
22.643925
21.90555
22.02965
21.769225
21.571425
21.261425
21.305
20.6
20.879325
20.81605
19.92865
19.20535
19.53785
19.386775
19.389225
19.174275
18.77215
18.84565
20.20465
20.032625
20.060725
20.410725
21.05465
20.885
20.819275
21.048575
20.90285
20.93535
20.5659
19.242575
19.54445
19.04465
18.922175
19.335275
19.25
18.9175
18.206925
18.52965
19.06785
18.796775
18.633225
18.5475
18.577425
18.3214
18.395
18.199625
19.006175
19.608225
19.360575
18.821425
18.710725
18.761075
18.46785
18.696775
18.58215
17.91965
17.354275
18.07465
17.95285
17.85715
18.0275
18.357325
16.089275
15.71
16.06535
16.366775
16.31535
16.2675
16.200725
15.797
16.351575
16.333925
16.72215
16.963575
17.14035
16.710725
16.678925
16.663925
16.434275
16.428225
16.03035
15.930725
16.10035
15.814275
16.03465
15.8775
15.764275
15.373925
15.001775
15.398
15.202225
15.377925
15.418575
15.638225
15.301075
15.298225
15.446425
15.845
16.275725
16.231775
16.145725
16.168925
16.496775
16.556425
16.46915
16.145725
15.809275
15.318225
15.349725
15.428225
15.275725
15.114275
15.221775
15.249275
15.56035
15.511775
15.35
14.99465
15.22285
14.385725
14.001775
13.9475
14.238225
14.50465
14.480775
14.585
14.900175
15.361425
15.813575
15.688925
15.911425
16.070725
16.453925
16.38065
16.565725
16.313225
16.1775
16.240725
15.85215
15.316075
15.52065
15.473575
15.818925
15.70215
15.76265
15.790725
15.898225
15.765675
15.891075
16.12785
16.061975
16.09715
16.046775
15.896775
15.659275
15.778975
15.67465
15.628575
15.43535
15.570175
15.358925
15.428575
15.42035
15.10715
14.887075
14.76785
14.376425
14.37965
14.216775
14.063575
14.161775
14.615
14.946075
15.028575
14.90785
14.823225
15.083925
15.026075
15.260275
15.2325
15.265725
15.3641
15.368225
15.419925
15.176775
15.22535
14.963925
15.7325
15.660725
15.74965
15.9925
16.19
16.161775
16.30985
16.519275
16.766075
16.616075
16.606425
16.46465
16.23035
16.691425
17.48465
17.803575
17.7825
17.94035
18.133575
17.89535
17.941425
17.96285
17.893575
17.963225
17.44965
17.532
17.560725
17.400575
17.449275
17.8104
17.688225
17.793575
18.0775
17.665725
16.703925
16.881775
16.603575
16.075725
16.261425
16.595725
16.86785
16.693225
17.52285
17.46785
17.1975
17.365
17.241075
17.026775
17.42715
17.484275
17.26465
17.251075
17.41965
17.176425
17.37815
17.487075
17.600425
17.715725
17.81
17.896925
18.01785
18.17465
18.620075
18.5667
18.748575
18.996775
18.784225
18.92415
18.452775
18.746275
18.667925
18.5725
18.8125
18.766025
18.604275
18.303275
18.591425
18.537425
18.571775
18.594075
18.86285
18.749675
18.522475
18.55535
18.39285
18.612
18.564275
18.705
19.05
19.498575
19.85965
19.686775
20.225775
20.178575
20.282175
20.000725
20.22965
20.198225
20.048575
20.019275
19.801075
19.910725
19.821075
19.67035
19.445
19.60785
20.36035
20.273925
20.139275
20.003225
19.804275
20.036425
19.75465
19.320725
19.426075
19.28705
19.409275
19.1614
19.033575
19.133225
19.513925
19.905725
19.79465
19.30965
19.60965
19.696775
19.863575
19.5025
19.660725
18.089275
17.883925
17.84935
17.878575
17.911775
18.171075
18.306775
18.303925
18.56
18.8925
19.141425
19.14
19.443925
19.428225
19.49965
19.191775
18.96965
18.758925
18.841075
18.645
18.476775
18.84535
18.794275
18.848575
18.97285
19.01285
18.95535
18.944275
18.961425
19.146075
19.16465
18.951775
18.738925
18.81215
18.978575
18.973575
18.88215
19.031075
19.256775
19.463925
19.27785
19.195
19.173575
19.169275
19.34465
19.376775
19.2425
18.993575
18.69535
18.694275
18.94
18.695725
18.5575
18.631425
18.498575
18.536075
18.74785
18.97035
18.98925
18.741075
20.2775
20.426425
21.2175
21.15465
21.07465
21.124275
21.163575
21.46285
21.228925
21.15465
20.99965
20.912225
21.1725
21.205725
21.20965
21.029275
21.33965
21.5925
21.596775
21.653925
21.688225
21.933225
22.343925
22.286075
22.69215
22.60715
22.451775
22.769275
23.029275
23.11965
23.056075
23.425
23.5625
23.465
23.0725
22.82
23.05
23.02
23.045
22.965
22.7275
22.7075
22.57
22.59
22.725
22.995
23.2325
23.38
23.37
23.5075
23.992
23.8375
23.8475
23.75875
23.805
24.1125
23.83
23.695
23.272475
23.6075
23.48475
23.68
24.2975
24.2575
24.41775
24.755
24.595
24.5375
23.9
24.0325
23.8975
23.78
23.74
23.62
23.685
23.9975
23.9925
24.31
24.375
24.495
24.79
25.1325
25.1425
25.145
25.33
25.385
25.22225
25.5325
25.5625
25.625
25.825
24.735
24.53
24.7425
24.59
24.4975
25.25
25.3575
25.415
25.4075
25.215
25.395
25.4475
25.24
25.265
25.66
25.4375
24.4675
25.1875
25.0275
25.1875
24.795
24.975
24.905
24.905
24.6875
25.2
25.255
25.1825
24.9525
24.6875
24.385
24.065
24.4175
24.94
25.6175
25.7475
26.2075
26.305
26.2775
26.685
26.835
26.745
27.0
27.35
27.15
27.215
27.175
27.2525
27.2075
27.425
27.8125
28.205
28.545
28.4975
28.8675
28.6675
29.0775
29.1175
29.65625
29.4
29.75
29.7325
28.7675
28.6575
28.9825
28.8725
28.75
28.1
28.53
27.9875
27.905
27.4325
27.05625
26.68625
27.3525
28.1625
27.945
28.235
28.135
28.0025
28.4975
28.4775
28.13
27.595
27.3325
26.5625
26.565
26.9375
27.9725
28.0025
27.3125
27.555
27.45
26.705
26.4975
27.18
27.3875
31.58
31.46625
31.5025
32.2375
32.1925
32.5475
32.5175
32.515
32.8475
33.135
32.405
33.01125
28.1
28.245
28.275
27.285
28.8275
29.725
29.29
29.6575
29.6625
29.89
29.985
29.7325
29.93
30.505
31.22
31.615
31.77
31.9575
32.17875
32.1125
32.37375
33.25
33.0425
32.1975
32.60375
32.115
32.2725
32.34
32.135
31.6025
31.65
31.785
31.1275
30.56
31.1125
30.8975
31.2375
31.76
32.1175
31.87375
31.475
31.8025
31.6725
30.845
31.06
30.8125
31.5925
31.1075
31.0625
31.33
31.8375
31.5025
31.4
31.64
31.775
31.7125
31.575
31.695
31.5425
31.1875
31.9
31.7275
32.155
32.4175
32.57
33.1625
32.64
32.16
31.2875
32.2375
32.175
31.45
31.2525
31.315
31.905
32.945
32.57
32.63375
32.49
32.53
32.34
32.1625
31.95
31.855
32.22
32.1475
31.7925
31.73
31.9
31.825
31.97
31.65
31.9025
31.7575
32.0275
31.875
31.6875
31.1325
31.35625
31.65
31.61
31.5
31.4225
30.6425
30.0175
30.82
31.415
31.4025
31.705
32.1275
32.405
33.0175
32.6875
31.305
31.29
31.125
30.6925
30.845
30.7475
30.5925
30.325
29.61
28.66
28.85
28.7825
28.88
29.93
28.3725
28.81
28.7875
28.99
29.29
29.125
28.7525
28.1625
26.44
25.78
25.935
27.4225
28.23
28.3225
28.19
26.93
28.085
27.5925
27.3175
28.0775
27.5375
28.1425
28.5525
28.8275
29.07
29.1025
28.48
28.3625
28.8025
28.35
28.58
28.75
28.6775
28.11
27.265
27.575
27.395
27.595
27.695
27.8275
27.695
27.375
28.03
27.9
27.9475
27.5525
27.965
27.76
27.9325
28.4425
28.44
28.875
29.77
28.82
28.6375
29.8175
30.1325
29.875
30.295
30.6425
30.5
30.23
30.265
30.1425
29.1925
29.0275
28.93
28.085
28.54375
28.4225
29.3225
29.695
29.825
29.4375
29.72
29.5075
29.4525
29.575
29.335
29.07
28.8
29.7575
29.57
29.5575
28.905
29.0425
28.295
28.12
27.6225
27.835
27.245
26.5075
26.8325
26.8075
27.1525
27.0075
26.705
27.185
26.83
26.315
26.3375
25.6775
25.175
24.1125
24.24
24.6325
24.99
24.3475
24.88
24.2825
24.165
24.1975
24.075
25.355
24.86
24.9975
23.355
23.5225
24.335
24.1075
23.62
24.0875
24.15
23.505
23.7525
23.7475
23.5675
23.425
23.4975
24.16
24.53
24.065
24.01
24.22
23.6725
24.025
24.19
24.2275
24.1725
25.1325
25.1875
25.375
25.7525
25.4675
25.2575
25.28
25.2925
25.565
25.63
26.145
26.4925
26.45
26.48
26.4775
26.68
26.5325
26.4175
26.2975
26.92
27.39
27.2475
27.4975
27.78
27.4525
27.74
27.135
27.165
27.255
27.61
28.01
28.025
27.4625
26.87
26.7275
26.7825
26.4925
26.42
26.27
26.0875
24.455
23.7075
23.435
23.41
23.795
23.5475
23.31
23.18
23.1975
23.355
23.1275
22.585
22.63
23.47
23.3725
23.64
23.55
23.805
24.1075
24.475
24.905
25.1025
25.0875
24.965
24.615
24.43
24.48
24.6575
24.7575
24.735
24.9125
24.7075
24.335
24.365
24.285
24.3875
23.8325
23.775
23.9775
23.8875
24.025
23.35
23.01
23.3975
23.6
23.9
23.9725
23.7475
23.8825
23.985
24.17
24.245
24.355
24.2175
24.6975
24.695
24.9575
24.9675
24.99
24.8575
24.665
24.335
24.1675
25.7375
26.085
26.0525
26.5125
26.12
26.4475
26.4675
26.87
27.0925
27.2025
27.0
26.9825
27.045
27.37
27.345
27.305
27.27
27.34
27.1275
27.2125
27.0075
26.8925
26.735
26.705
26.5
26.525
26.6825
26.9325
26.925
27.09
26.38
25.7825
26.36
26.9875
27.9425
28.8925
28.73
28.395
28.3925
28.3875
28.655
28.1775
28.22
28.2725
28.4875
28.045
28.2625
28.13
28.25
28.2625
28.4725
28.515
29.0125
29.075
29.335
29.245
29.4075
29.3875
29.3675
29.28
29.265
29.15
29.4125
29.5625
28.8975
28.62
28.43
28.385
27.8725
27.8975
27.4575
27.21
27.6025
27.765
27.72
26.9475
27.1075
26.4275
26.7775
27.4975
27.4875
27.515
27.9325
27.95
27.8075
27.9475
27.8925
27.865
27.63
27.3725
27.475
27.2775
27.4875
27.7575
28.03
28.4875
28.325
28.7975
28.7975
28.955
28.9925
29.16
29.2375
29.265
29.0725
29.13
29.315
29.19
29.1825
28.955
29.0375
29.005
29.1525
29.4775
29.7475
29.7775
29.9375
29.8125
29.76
30.0
29.9975
29.945
30.0
30.02
29.9925
30.47
30.485
30.4875
30.4075
30.3375
32.1875
32.1325
32.27
32.5725
32.8825
33.01
33.105
33.03
33.3225
33.755
33.8775
33.83625
33.93
34.175
34.2775
34.1325
34.165
34.2325
34.2475
34.9475
34.74
34.945
34.835
34.88
34.75
34.67
34.785
34.8
34.7475
35.115
35.1725
34.9975
35.365
34.96
35.355
35.23
35.16
35.22
35.95
36.03
35.9825
35.915
35.925
36.1925
36.005
35.915
35.835
35.7925
35.4075
35.45
35.2625
35.4575
35.3
35.17
35.61
35.5675
35.91
36.1325
35.92
35.9475
35.9125
36.645
36.8775
36.765
36.6325
37.24
38.2525
38.4975
38.315
38.4875
39.025
38.925
38.8675
37.5625
38.135
38.265
38.4975
38.45
38.335
38.4675
38.4025
38.4175
38.19
38.295
38.8625
38.4825
38.6125
38.8425
38.7475
37.245
36.355
36.6475
36.29
36.0725
35.5675
36.585
36.2525
36.4675
36.4075
36.57
36.455
35.9325
36.4575
35.92
36.005
35.875
36.0225
35.6825
36.045
36.265
36.3825
36.435
36.9425
37.26
37.39
37.52
37.755
37.585
37.5675
38.0225
38.185
38.365
37.64
37.375
37.1825
37.5125
39.285
38.8925
39.0975
39.7025
40.02
40.265
38.83
39.37
39.9625
40.4
40.2375
39.465
39.375
39.3025
39.945
39.995
39.8175
39.965
40.3675
40.7275
40.8375
41.0
41.0125
40.52
40.4775
40.315
39.6575
40.375
40.215
39.9125
39.57
39.97
39.6675
39.6825
39.0175
38.3475
37.9725
37.6375
38.285
38.5575
38.32
38.53
38.4525
38.62
38.37
38.8475
38.825
38.96
38.975
39.1375
39.0
39.2475
39.97
40.1175
39.94
38.995
39.0625
39.0425
39.275
39.1025
39.3525
40.7625
41.68
42.26
41.7225
42.0275
43.125
43.5625
43.7025
44.06
43.97
43.6675
43.4925
42.835
42.27
42.775
42.5375
42.495
43.285
43.74
43.7425
43.5225
43.2675
42.37
42.9625
42.7625
42.45
42.41
42.2525
42.33
42.3425
43.1675
42.925
43.0675
43.055
43.4925
44.105
43.635
43.5875
43.7525
43.7525
42.6425
42.65
42.77
42.3075
43.065
43.0575
43.2575
43.75
43.5875
43.5825
43.5725
43.82
44.2725
44.0475
44.775
44.815
44.615
44.25
44.205
43.49
42.7775
42.8775
41.99
41.795
41.6275
43.315
40.0325
39.0
40.7225
39.885
38.795
39.11
40.6775
41.085
41.8425
43.2475
43.1075
42.9625
42.7675
43.125
43.875
44.7425
44.5975
44.53
43.75
44.0525
44.1875
43.47
43.7175
44.225
44.95
45.4625
44.95
44.6125
44.7475
44.505
43.7725
43.845
42.9375
41.9
41.2875
43.2475
42.1475
41.695
42.045
41.625
41.955
42.99
42.375
42.1375
42.5025
43.25
43.2
43.47
47.0375
47.37
43.7125
44.0125
44.545
44.5225
43.13
41.5475
41.33
40.7875
41.1875
41.2225
40.5625
41.545
43.8175
44.1325
44.225
46.0125
46.25
46.505
46.8725
47.4075
47.14
46.9725
46.485
47.0225
46.775
46.55
46.8975
46.8125
47.15
47.125
47.18
46.965
46.8125
46.7175
47.625
48.075
48.305
48.4375
48.3
48.0
47.8
48.1
47.665
47.64
47.2
47.02
46.4375
46.9
46.255
46.415
45.5425
46.1075
46.04
46.375
46.2775
46.795
45.98
46.35
46.9925
47.645
47.5875
46.97
47.7575
47.8325
47.7275
47.8625
47.6
47.97
47.86
47.9025
48.25
48.705
48.5525
47.745
47.4775
43.8675
43.7875
43.6125
43.175
43.27
44.895
45.22
45.625
46.0
46.4875
47.1
46.525
47.0575
48.95
47.7775
47.2725
47.045
47.5725
50.375
51.8475
51.9975
52.2675
51.7775
51.8125
52.2075
51.945
52.2875
52.4375
52.5675
53.27
54.3825
53.865
53.455
53.8
53.9475
54.05
54.53
54.9875
55.9125
56.265
56.9775
57.1
56.73
55.8575
55.0575
54.6975
56.125
55.25
56.75
55.85
54.025
54.615
54.6925
55.0
54.44
55.2625
55.5675
55.2
56.225
56.4725
56.8425
57.29
57.93
57.0
56.02
55.9475
56.7425
53.5
54.225
55.6875
54.45
55.73
55.1225
54.13
54.7375
55.095
55.6
54.0125
55.0125
54.1925
53.0325
53.6375
54.7725
51.8225
51.6375
50.4325
50.9975
52.545
51.8625
50.985
48.3125
48.3625
46.88
47.5825
48.4875
46.2
44.07
44.1875
44.23
43.0
42.87
43.8725
45.4525
44.7825
44.695
45.8375
44.05
43.7425
42.0975
42.4625
42.0875
42.3725
42.5475
41.355
41.12
41.3175
40.1375
39.5
37.5625
36.6625
39.2625
38.85
39.125
39.525
36.6225
35.675
37.0075
36.95
37.72
38.2
38.4
38.0475
37.475
38.325
38.66
38.925
39.15
39.15
38.2875
38.48
38.075
39.4475
38.97
40.8625
41.425
41.64
41.65
42.75
43.5
43.515
42.675
42.555
42.25
42.705
42.5125
42.4575
42.6
42.595
42.7325
42.9775
42.7
43.2
43.4
43.505
43.705
43.295
43.77
47.5
47.7925
48.425
48.875
48.8775
49.23
50.145
49.84
50.17
49.7
49.7325
49.805
49.7625
50.75
50.9425
51.1575
51.865
51.9975
51.1625
51.0625
50.775
52.585
52.6325
52.31
52.985
51.8575
50.69
50.775
50.1975
49.3025
46.25
47.2075
47.6625
47.495
47.1775
45.875
46.69
45.545
44.915
44.64
44.59
44.42
44.5125
43.695
43.485
45.2
45.4125
46.305
47.5375
48.225
48.65
48.5775
48.15
48.1725
48.54
49.695
49.5675
49.7275
49.555
49.665
48.935
49.9625
49.5875
49.55
50.315
50.7
51.0475
51.0
50.095
50.2275
50.8375
50.4
50.81
51.2875
51.06
50.7225
51.42
50.605
51.95
51.9525
52.23
51.78
51.925
52.395
54.415
53.3475
51.8
51.06
47.125
49.125
49.8125
50.5925
50.2875
50.135
52.425
50.5
50.6425
51.67
52.5625
52.6
53.33
53.0775
50.3875
51.6225
51.04
51.3825
52.2525
52.185
51.425
52.2975
53.32
53.315
53.5425
53.5425
55.8975
55.7725
54.6875
54.975
55.175
55.6925
55.24
54.4325
54.68
54.42
55.2575
54.9725
54.705
55.9925
56.1475
54.74
55.205
56.7525
56.765
56.1
56.7575
57.5225
59.0525
58.9675
58.83
58.6475
58.82
59.1025
60.1275
59.99
60.795
60.895
61.645
62.2625
60.8225
60.815
62.19
63.955
64.375
64.2825
64.31
64.8575
65.035
65.55
65.49
66.1175
65.66
66.44
66.775
66.5725
65.7975
65.5025
65.445
66.5925
66.0725
66.96
66.8125
66.04
64.8625
65.435
66.395
67.6775
66.73
67.12
67.6925
67.865
68.7875
69.965
70.1025
69.935
70.005
69.86
71.1525
71.0675
72.4775
72.45
72.88
73.4125
75.0875
74.3575
74.95
74.5975
75.7975
77.4075
77.5825
79.24
78.17
77.835
78.81
79.6825
79.1425
79.425
79.8075
79.5775
77.2375
79.4225
81.085
80.9675
77.3775
77.165
79.7125
80.45
81.3025
80.0075
80.3875
79.9025
81.8
81.2175
81.2375
79.75
80.905
80.075
78.2625
74.545
71.9
73.1625
68.38
68.34
74.7025
72.33
75.685
73.23
72.2575
66.5425
71.335
68.8575
62.0575
69.4925
60.5525
63.215
61.6675
61.195
57.31
56.0925
61.72
61.38
64.61
61.935
63.7025
63.5725
60.2275
61.2325
60.3525
65.6175
64.8575
66.5175
67.15
68.3125
71.7625
71.1075
71.6725
70.7
69.2325
67.0925
69.025
68.7575
70.7425
70.7925
69.645
71.9325
73.45
72.2675
73.29
74.39
75.1575
75.935
77.5325
78.7525
77.8525
76.9125
77.385
76.9275
78.74
78.285
79.8075
79.2125
79.7225
79.1825
79.5275
79.5625
79.485
80.4625
80.835
81.28
80.58
82.875
83.365
85.9975
88.21
83.975
84.7
85.9775
88.02
87.8975
87.9325
87.0
89.7175
91.6325
90.015
91.1275
88.42
90.7425
91.1525
90.975
91.0275
93.4625
93.1725
95.3425
95.6825
95.92
95.4775
97.02
95.4775
96.5225
96.3275
98.3575
97.0
97.2725
92.845
92.615
94.81
93.2525
95.04
96.19
106.26
108.9375
109.665
110.0625
113.9025
111.1125
112.7275
109.375
113.01
115.01
114.9075
114.6075
115.5625
115.7075
118.275
124.37
125.8575
124.825
126.5225
125.01
124.8075
129.04
134.18
131.4
120.88
120.96
112.82
117.32
113.49
112.0
115.36
115.54
112.13
110.42
106.84
110.08
111.81
107.12
108.22
112.28
114.96
114.09
115.81
116.79
113.02
116.5
113.16
115.08
114.97
116.97
124.4
121.1
121.19
120.71
118.97
115.98
117.51
116.87
115.75
115.04
115.05
116.6
111.2
115.32
108.86
108.77
110.44
114.95
119.03
118.69
116.32
115.97
119.49
119.21
119.26
120.3
119.39
118.03
118.64
117.34
113.85
115.17
116.03
116.59
119.05
122.72
123.08
122.94
122.25
123.75
124.38
121.78
123.24
122.41
121.78
127.88
127.81
128.7
126.66
128.23
131.88
130.96
131.97
136.69
134.87
133.72
132.69
129.41
131.01
126.6
130.92
132.05
128.98
128.8
130.89
128.91
127.14
127.83
132.03
136.87
139.07
142.92
143.16
142.06
137.09
131.96
134.14
134.99
133.94
137.39
136.76
136.91
136.01
135.39
135.13
135.37
133.19
130.84
129.71
129.87
126.0
125.86
125.35
120.99
121.26
127.79
125.12
122.06
120.13
121.42
116.36
121.09
119.98
121.89
121.03
123.99
125.57
124.76
120.53
119.99
123.39
122.46
120.09
120.59
121.21
121.39
119.9
122.15
123.0
125.9
126.21
127.9
130.36
133.0
131.24
134.43
132.03
134.5
134.16
134.84
133.11
133.5
131.94
134.32
134.72
134.39
133.58
133.48
131.46
132.54
127.85
128.1
129.74
130.21
126.85
125.91
122.77
124.97
127.45
126.27
124.85
124.69
127.31
125.43
127.1
126.9
126.85
125.28
124.61
124.18
125.01
123.55
125.94
125.9
126.7
127.04
126.26
127.21
130.34
129.68
129.79
131.79
130.46
132.3
133.98
133.7
133.41
133.11
134.78
136.33
136.96
137.27
139.96
142.02
144.57
143.24
145.11
144.5
145.64
149.15
148.48
146.39
142.45
146.15
145.4
146.8
148.56
148.99
146.77
144.98
145.64
145.86
145.52
147.36
146.95
147.06
146.14
146.09
145.6
145.86
148.89
149.1
151.12
150.19
146.36
146.7
148.19
149.71
149.62
148.36
147.54
148.6
153.12
151.83
152.51
153.65
154.3
156.69
155.11
154.07
148.97
149.55
148.12
149.03
148.79
146.06
142.94
143.43
145.85
146.83
146.92
145.37
141.91
142.83
141.5
142.65
139.14
141.11
142.0
143.29
142.9
142.81
141.51
140.91
143.76
144.84
146.55
148.76
149.26
149.26
148.69
148.64
149.32
148.85
152.58
